819289889812398088
819289889812398088
823667574839898112
823667574839898112
825452981122433029
825452981122433029
832192124321984513
832192124321984513
835318931913068545
835318931913068545
838141359437467648
838141359437467648
844332412813393920
844250955763933190
844676930913931268
844676930913931268
845829035158622208
845829035158622208
845715694989783040
845715694989783040
845388435435274242
845363270965977088
845363263688884224
845362752298389504
851060392658780160
851060392658780160
853005706873774081
853003176240455682
852978696776540160
848222799852339201
848222799852339201
854738783240994816
854738783240994816
860231333167190016
860677278807851008
860675953608900608
860231333167190016
861656883773526022
861656241868861440
861635653209120770
865238637386100738
865238637386100738
866814902219849728
866814902219849728
866787723440398336
866787723440398336
868606387760320516
868606387760320516
868232962462158848
868232962462158848
868854048207892480
868839810236076032
877344661580333056
877344248110096384
877315133084639232
878402290163560457
878402290163560457
877677516655407105
878764681216704512
877677516655407105
878251394729463808
878039906957897729
878764681216704512
883034740818931712
883034740818931712
885233311806742532
885233311806742532
886644869606678528
886644869606678528
887375440855289856
887375440855289856
891364226056339456
891364226056339456
895089978346221569
895089978346221569
895066574670802946
895050278130659330
895048900196917248
895048623096041472
895048437057683460
898049052616540160
898030088389668864
897995557766971392
898795741157572608
898795741157572608
1062851848829321216
1056924773199036416
1052698055173124096
1050769813386252288
1042961708803706880
1033028393623638017
1030109648626626560
1029903919433039872
1029540879340654592
1027170136258760704
1024273848307535872
1015866850050301953
1009964378253398017
1008902553432657924
996794683081871360
989972200190078977
989280749881880577
988559990612021249
984839955431247872
973166946941272064
970908256188227584
968944059938095104
967735971331493890
967602492551950336
967179157649182720
966380379379765248
965723951568650240
964677044910088192
964665821225193474
962390411871490048
961292484608487424
960845279883857920
960657849000124417
959805461712330753
959123755615256576
958277007099551744
958107214450917377
958062451110576128
957945693729099776
957934994772647936
957926883299151872
957926057704853504
957690252021264384
957572270326779904
939173149064749062
936602037822693377
932751775647481857
930961962862706688
930959685137649664
930558447090880512
926596436560568320
926064603624194049
925167235404128256
923938204935442434
923917956068794369
923603281741516800
922269782635876352
922268246971166720
922225435533983744
921124873593692160
919913832247676928
917806688668934144
912849809102471168
898795741157572608
898049052616540160
898030088389668864
897995557766971392
895089978346221569
895066574670802946
895050278130659330
895048900196917248
895048623096041472
895048437057683460
891364226056339456
887375440855289856
886644869606678528
885233311806742532
883034740818931712
878764681216704512
878402290163560457
878251394729463808
878039906957897729
877677516655407105
877344661580333056
877344248110096384
877315133084639232
868854048207892480
868839810236076032
868606387760320516
868232962462158848
866814902219849728
866787723440398336
865238637386100738
861656883773526022
861656241868861440
861635653209120770
860677278807851008
860675953608900608
860231333167190016
854738783240994816
853005706873774081
853003176240455682
852978696776540160
851060392658780160
848222799852339201
845829035158622208
845715694989783040
845388435435274242
845363270965977088
845363263688884224
845362752298389504
844676930913931268
844332412813393920
844250955763933190
838141359437467648
835318931913068545
832192124321984513
825452981122433029
823667574839898112
819289889812398088
813177415035981824
812620066219053056
811006256660049920
809484619158523906
808871530889355265
801136128728281089
798648022057959424
797241179700154372
796417302250029057
796409054595837952
796408484006887424
795861724221968384
795671720619372544
795403367744946176
795358781098094593
795358588281782273
795077740345126912
795020342154694657
795004577930166272
794268571048280069
794204000849686528
793828814929276929
793826816959979525
793625906870902785
792935519210450944
792935390780887040
792932342977302528
792714697090957312
792580768186761217
792539359572406272
792532789421830144
792526100928733184
792525642638069760
792522389993168896
792517410448248832
792514151788589056
792497016286830592
792460091274375172
792449050754764800
791689684099424256
791606669637591040
790370214701432832
789864974432821248
789658515258286081
789624827803860992
789618019311972352
789613183413649408
789611624122486784
789608852505395201
788549221737648128
787832893536174081
787326440668880896
786004725821038593
784582818290659328
784567317342646273
784432635619573761
784135049041944576
782938909294546945
782302236378435584
781367472083595264
779491545472831490
777690574472224768
777338956643966976
776938889726615552
775084113820778496
774592094740574208
774329327122980864
772472201652019200
772277007249833984
772081434299359232
771902662094749696
771793589500121088
766364610635194369
763896807810359296
763895880604852224
763893718596411392
763893576879239168
763703220585672704
763383941130772485
763383623286489089
763383344470130689
763383171459190784
763380351523840000
763380232766234624
763379883523379201
763379726635429888
763379502080745473
763379056436011008
763378822037303297
762379190268227588
762364191491710978
762340470798295040
762326192959651841
762325470402707460
762320545354543104
761301588787007488
761194774430900224
753969757989122048
753721585077358600
753704799896383488
753667644134481921
753658161999994880
753624421001228288
753614604387758080
750328267412942849
749788943541899264
747945584242229248
747598859443052544
747008231118090240
746390988076113920
742938904454647808
741892106688466945
740266569108979714
739445588870234112
739399021643636737
739398751677231104
739101004675813377
738904337410347008
738870908505489408
738857662809415680
738821548816142336
738814633818001409
738808636491759616
738779098474942464
738767303874084864
738766761055690757
738757028458299393
738749631186640897
738738738302353408
738727158386950144
738723052943478784
738703293891923968
738696602571968512
738695095365570560
738671229725462528
738654095385501696
738653572057948160
738618861679845377
738606594833842176
738600902869716995
738593596903817216
738589450263887874
738575494606512128
738574398655856641
738574383497744388
738574374584889344
738573921260175360
738573003756183552
738572963042189312
738572954133516289
738534512024530944
738532493725339648
738531183080935424
738485048714874881
736989493815828480
736636582913036289
732640723447746561
732639080924614657
732637320856231936
732636719099437056
732636719065923585
732286120675946500
732269464423649280
731542216355790849
727833458844811264
723525253226340352
722979882930565120
722881662191857668
710851013503279105
709572846465511424
709461880457306113
706755382643965952
706081264420331520
705844102324166656
704281384186208257
701233678626721793
694717252101378048
690808814627467264
688853225613623296
687427284534456320
687089645058961409
687086068571738120
686604828697575425
686025467971923968
684838272472854529
682247054630891520
680595651000807424
679362950549770240
679182472970559488
678032631435407360
676972921282281472
676972851954626560
676808677672767488
671465918094950400
667738107970781184
665744349393723392
665743845418786816
660490501859119105
660246985673482240
660234041963233280
659969115172433920
659921210634051584
659919272517480448
659919077817888768
657923917324140547
656097210552074240
653169602717982720
652312973625683972
645966906432720898
645966142763311104
642883673088520192
640957567380930560
640233600495939584
639164874862542848
636639578649141248
636552853029552128
636313795804143616
636313067933016064
636312949662044160
636276681511190528
636253793022279680
635893715035291648
635815945190141952
634170019711160320
633031458148323329
631831501877841920
631330492768387072
629927862557085696
626610999496306688
620396427164975105
619233083187982336
619206453035986946
619201818875293704
619174176218316800
619168542362107904
619167988520984576
619164615856025601
619046428522975232
618835265507999744
618834873072123904
618813464304332800
618696267900846080
618675753157177344
618568030000447493
618520138346823681
618450952421548033
618446089977511937
618123616488660992
618099489530880000
618059677620924416
617316781149958144
617279346110140416
617276473330765824
617196279123308544
617130242650583040
617071603269111809
617048898255720448
617047591415496704
616927991566856192
616927434349387776
616687741108154368
616673005725466624
616673004995629062
616672274297528321
616665348008448001
616644832522584064
616635375625351168
616015035001769984
614486929745293313
614192514581557248
614110201759858688
613775878053441537
613766975458676740
613320547821330433
611624647344398336
611337069487501312
611260575121829889
610456191844659200
610318123271483392
610213310609408000
609356313617940480
606869768239489024
605467585589735424
601751142515769345
600221505142673408
599181831695642624
598805166859689984
598531031268986880
596672560860762113
595978329792086016
595962350269648896
592132066206179328
588824636319789056
588536209942642688
586756164630609920
586371831533142016
585840002128457728
583800245785468928
582953565817294848
582374273211224064
581987976755937280
581971691531845633
581931562188443648
581269728372518912
580895145714925568
579772473098522624
579772154415353856
578346207111577600
576499650863173633
575692313751601152
575491797528391680
574133358097211392
574098243392528384
574001133464633344
573952334646145024
573916770127470592
573665374538854401
573652715382829056
572588676364013568
571160038452137985
569932372881354754
569003406607691777
565927451386073088
564758637034635264
564528149355315203
564498006045917184
564496417134497792
564495591448018945
564495553543692288
564495132951470080
564441494954991618
564431108277010432
564265876803686400
564260506253660161
564169611881762818
564056041907040257
564055893634220032
563776565210009600
563727541769621504
563714254646542336
563710246313816064
563544253020655616
563543877572132865
563542369073897473
563519043227750402
563498963278364672
563496001278078977
563495756313952256
563490878359343104
563490484413562880
563489514023555072
563486606519455746
563486108755832832
563485516725628928
563481190758617089
563480525604945920
563479343154728960
563478753284587520
563478486699245568
563477519433609217
563476462410690560
563476373075800064
563476304549261312
563476287080398848
563475952903008256
563475748434890752
563475210423521281
563474986846158848
563474723762601984
563474619290488833
563474616677462016
563474532460421120
563473609835163648
563473132670189569
563473059600797696
563472925840642048
563472729131593728
563472544301600768
563472391339532288
563472248573812736
563472218743533568
563471431573331969
563471115872661504
563470723197706241
563470493135564800
563470151698644992
563470129414299648
563469886161453056
563469815558713344
563469655860584448
563469593164132352
563469567972741120
563467272065277952
563466416028790784
563465125974511616
563464569897488384
563464283338452994
563464032900767744
563460878549651458
563460428601118720
563458008450334720
563456224633831424
563454502414864385
563452474090983424
563417788329775104
563408612056649728
563403670117961728
563396875509071872
563393774412648448
563389305033613312
563388917052092416
563385271140761600
563384304760520704
563383430688571392
563377251903750145
563374088832290817
560559888137715713
559840048640983040
558800399264907264
558800272689233921
557332208542031872
556552443421392896
555019642465714176
554999387999727616
554980574864359425
554974069989593088
553233886965010432
552540729973944323
552539709776605186
551102249485615105
550847210263703554
549313338581467136
549309961264967681
546038469382791168
545899155785547776
545446750572380161
545410958496387072
545341922353905665
542967750260318209
540209117172748288
539852558534062080
538318320441638912
537737875446460416
537078905597743104
535524945343029248
535244625804820480
534413993721352193
534293025308954626
533068524659703808
532580880082956289
532566096596201472
532557282454695936
532438201189675008
532433957183561729
532432816626491392
532432272046444544
531607221390823424
531606463178104832
531175481517670400
531097292913127424
530721022463737856
530537615536435201
530519006084870144
530476714267131904
530425333343076352
530347213894193152
530337921212370944
530223146909982721
529448897392177153
527271196908208129
526083679807082496
525411199413145601
522973679236292608
521944110916460544
521694118246760449
520735629009641472
520014369870987265
519276735775268866
518117112196632576
517091790881849344
514994098793881602
514248333049606144
513418103581995010
510129800158404608
507254285441052672
506532611863220225
504125487011340288
503230412332601344
502016042596855808
500733318988824576
500299601958940672
498282690345304064
498196998546538496
498149931312349184
497519291554873344
496810789282799617
496681896995463168
496553304483442688
496284409684033536
495636641395261440
495131767255625728
494973299831480320
494890493235310592
494678975835570177
494608137026945024
494598902948331520
494597879303249921
494561720233250816
494558107713155072
494518775111516160
494340494411845632
493544850860830722
493544664247848960
493544490180022272
490117593013841920
490111258457153538
489184481832468480
485618067372646400
485487056395567104
483148202313400320
482582595968831488
482040662708461569
481900118098997248
481774813091209216
481333613598744576
480853605646630912
479277864429584385
479216663418916864
479123777247137792
479038006075326464
478880353256361984
477794579430014976
477603420216766464
477349381084286977
477233786183516160
476662041344614400
476443255534796800
476442624233312257
475449004642140160
475448463816015872
475095362105905153
474941083831377920
473974101086720000
473655284083470336
473640333860159488
473639968007790594
473050960902619136
472462125315534848
472034995637190657
471806214372745216
471805811115581441
471724390942380032
471532910927835136
471520202153156608
470655331228323840
470598393367384064
469274119260106752
469040331850129408
468445400786280448
468391564851810304
466699623608745984
466443525216034816
466442028738695168
466439542028115968
464824931537395712
464300660742053888
462372106907287552
462182709583183872
461948620464717824
460855661350227968
459838098609041411
459511147939782656
459442023880466433
459327456349261825
459307391671345152
459298138839605249
459170408483524608
459167951539945472
459163114781802497
459149053746749440
459073457792491520
458960447694057472
458349701189091328
456232878712451072
455501524312268800
454739166912196608
454614484423036928
454079154275631105
454005890576707584
453768992050532354
453048449689063424
452819024507076609
450813945860087808
450431748908650496
450372510203138048
450362020890554368
450360529580593152
450357662463442944
450346235489026048
450337513077350400
450336494197014528
450334580361265152
450257364978270208
450256352984965120
449975117016485888
449941928541683712
449705473751928832
449701122102411264
449687065773355008
449596660608299009
449564285102858241
449331846388932608
449323244068147200
449200087034368000
449199652328316928
449197661954924544
448977591433580544
448907687237926912
448902474368561152
448894545225211904
448875129452240896
448710133913108480
448561579760439296
448553473018449920
448545782929432577
447374377168805889
447008088936042496
446803988311064576
446725952878292992
446490557062205442
446474098575552512
446381805231280128
446346571827781632
446123837625606145
446076442594799616
446059736644218880
446039588885102592
445993753002926080
445988372088381440
445968100916072448
445961375488036864
445957336289378306
445855743665655811
445467915060404224
445425467940945920
445306025034649600
444926426639511552
444840589956493313
444792389954064384
444530242028183552
444514914443755520
444445467351736321
444235684346597376
444207103549251584
444183122242846720
444154054789181440
443953111087202304
443933369383260160
443923730733879296
443886371602591744
443799653482774528
443789696007962625
443786923866214400
443764093259100160
443763559026421761
443618482408521728
443574000456069120
443544614843469825
443421914199912448
443416336752840705
443380145718444032
443137810816827392
443123332909510657
443080391197343745
442994313971367936
442942282543943680
442829324253949952
442038297297448960
442012167970111488
441933564460793856
441742718419476480
441716575716904960
441448167288995842
441410132061077504
441378399807102976
441229649452859392
441007601849884672
440851823805870081
440684035853918208
440651711729123328
440569840122605568
440297850522832898
440255161756176386
440215710405771265
438463500092841984
438463243766341632
438445037135753216
438444674215190529
438328053492908032
438056713338761216
437702712713834496
437627576358817793
437622008210542592
437606667241672704
437604907714347008
437595658632298496
437592698577756160
436980961398386688
436631623032111104
436568475666898945
436543316109590529
436537545598726144
436536021304360960
436251467805380608
436153061694640128
435870615518838784
435839939717373952
435803193952714753
435343460150050816
434203754145914880
434150443841638400
431475257015160832
430071987054997505
430055424327712768
429751743669211136
429427781160550401
429285822538731520
429111931866480641
429088876410318848
429019043454914560
429015447736836097
428998349757227008
428947477887086592
428775746929049600
428531008925741056
427915220309532672
427561615244795904
426858000230260736
426748841224704001
426079803867811840
425756517334122496
425514497436946433
425460324951941120
425332720315555840
425095458524917763
425077207137275904
425063288708141056
425002891326525440
424998231316377600
424982926586286080
424981116726947840
424950038310027264
424947601226493952
424946321355583488
424944433831092224
424944072105541633
424942340885606400
424674053098446848
424586603278131200
424490089444409344
424438527984537600
424353482096005120
424333336169828352
424310771682516992
424257217265950720
424244833192923136
424164094120570880
424126022045298688
424051243787378690
424046066414407680
423998667922878464
423991060386566144
423977436989382656
423958926019686400
423927049183432704
423919713765175296
423915430168645633
423905282020761600
423903576977469440
423895239598669824
423878990491701248
423872503417540608
423872192800370688
423868740141187072
423867996013338624
423863828456030208
423862251460653056
423858549567942656
423852011927658496
423847168902836224
423845000904851456
423843908322205696
423843750008205312
423843080928649216
423840011893870592
423839063930445824
423837190221611009
423836912114073600
423835432728530944
423832863155310592
423826029489455104
423825424825995264
423735032499290112
423598088196853762
423542654698143744
423508338819608576
423304292746158080
423282917784039424
423258682281848833
423210945255469056
423199964274376704
423167865135828992
423151892953186304
423109717477822464
423090735961763841
423055367837188096
422973129028141056
422968857653829632
422951869346893825
422935011537346560
422933927234658304
422929008704360448
422915258123309056
422910121195216896
422901088564416512
422869774763188224
422866588589887488
422866571133202432
422866175186333696
422855993392136193
422845214399557632
422843151783854080
422835677676716033
422834577787215873
422833285610602496
422833264597143553
422829059509219328
422825549174956032
422822654832553984
422814074259267584
422814046283661312
422813160882462720
422812393455255552
422811733720199168
422810296990703616
422807255336382465
422804484729737217
422804049977962496
422801719630655488
422800775635402752
422796406030880769
422793648749940737
422791743554088960
422790604289228800
422790485741019136
422783367839379457
422782843324887040
422782792150163456
422781653837025280
422781612212776960
422777784587796481
422771642637762560
422771633720655874
422771324512387072
422770728069394433
422770381980577794
422766353616216064
422764314198425600
422761483379179520
422758220004749313
422757727769608193
422757296628699136
422757172330917888
422756725398073344
422754846329290752
422753739800596480
422753366460997632
422753168356016128
422752714914029568
422752709100326912
422752200905867266
422751519943843840
422750786628513792
422750673546260481
422750215787933697
422749937416536064
422747777781608448
422746064890781698
422724104282980352
422714705665613824
422707078097293312
422684422446784513
422558247917060097
422473727469572096
422442124135890944
422432939474157568
422369803605528576
422347489787019264
422256530910502912
422186805186682880
422147198642847744
422121380876787712
422104037073223681
422101004465602560
422052564101005312
421960331850559488
421773158140497920
421770867639468032
421758657999536128
421741236454576128
421739583668117504
421732907644760064
421731478280470528
421621833637830656
421597431327756289
421469818077052928
421417632903233536
421378100761341952
421338945201659904
421311524591128576
421211077913763840
421205379708510208
421032665413087233
421002251575230464
421001908439240704
420990522266632192
420960125634215936
420717327253262336
420714356871921665
420706970249986049
420643242581843968
420569505895424000
420462704659533824
420307613394300930
420303457178759168
420292242654236672
420287407297007616
420284365868785664
420273992646135809
420273684394151936
420264006792646656
420246698175111168
420237031675928576
420235003013132288
420220024180441088
420219976403124224
420209283490643968
420206681033674752
420162996879765504
420123229257465856
420077497368068096
420021559370063872
420013242266951680
419905785817100288
419867635665235968
419861385544499200
419848130352676867
419847105659039744
419815908756815873
419813353142222848
419729776396337152
419634652505440256
419606740225630208
419601301044203522
419591293212192768
419590746677592065
419580543877918723
419580221701226496
419578006592843776
419571107487051777
419567595717525504
419553884827160576
419545847890591744
419533603513442304
419506958480060416
419502645406355456
419500459443761153
419497850137886720
419495257877655552
419438180577054720
419421479596748800
419405723676581888
419352420393951232
419323977438199809
419313953823408128
419241688381403136
419195796928491520
419195083171192832
419194613862526976
419194428830777345
419193130265874432
419192152674304000
419191975020339200
419167237509894144
419167128638341120
419166528484171778
418953303792160768
418952297797140480
418871684016652288
418857052866629633
418542365498818562
418137965177888768
418122577416966144
418023342357381120
417816357993193473
417788709464199169
417743511828459521
417743004242567168
417734448122433537
417734326650826752
417731125675823105
417729380803031040
417452041577832449
417375335408091136
417262875192090624
417143292359241728
417143020245364737
417077662214266880
417048825879347200
417044882042388480
417038251615322112
417023922677116928
417003279650807808
416986925417783296
416977360185860096
416976467059159041
416976350436540416
416949095463682048
416942174891409408
416941936172630016
416910171705966592
416852196102529024
416849841764188160
416691792340197376
415710719963705345
415502743483457536
415489559594401794
415315308199415808
415311366623219713
415310914678562816
415264325335412736
414809968580104192
414806515531259904
414561455753547776
414488800438792192
414475657561649152
414218936037552128
414160479595294720
414126948798181376
414102285107863552
414095862441476098
414094908992274432
414091736705945600
414084501032030208
413913307452420096
413816450005336064
413807248146563072
413755830383939584
413746175175839746
413401924881620992
413368349905924096
413351478183866368
412976987662475265
412671055757455360
412650752260440064
411891881849548800
411851253937758209
411672689724502016
411671470243192832
411671021024845824
411168735513165824
411168625341394944
410995094393614336
410910338956414976
410875659343237120
410559933927530496
410148077128126464
410001866810859520
409793761313439744
409712402955911169
409634892272893952
409528134040432640
409226945243512832
409226670365622273
409225982478786560
409101085609955328
409070690231656448
409070379400167424
409069900213534720
409065862151544832
409058395644497920
409055271265505280
409053428489265153
409039871278211072
409013270566424576
409010239892361216
408997849339162625
408997524327116801
408959001565884416
408825971278880768
408820444205027330
408055276281933824
407042444409049091
406808369060925440
405801215134412800
405603113177858048
405286681315516417
404747969615773696
404632922231427072
404627012138323968
404076311695466496
403941123615621120
403599066481045504
403597174514016256
403395146340786176
403376031400083456
403361342360260611
403348844806537216
403297010897670144
403274369205813248
403271742137044992
403269366461894656
403268661428756480
403262170533605376
403256418850975744
403252149641285632
403248727479287808
403247532434006016
403247292230037505
403243393255366656
403242846435545088
403237102265323521
403222131023941634
403214696183898112
403208191938281473
403201797960916992
403201684866093058
403188636310454272
403182178671923201
403178319770046464
403175703597694977
403133421435629568
403118203301138432
402967115453317120
402553854253740032
402461903806427136
402158695762505728
401392280407269376
401315544932302848
400096610828288001
400076682234568704
396581998518480898
395791579434078208
395762603558830081
395761807710629889
395760899253743616
395736460436836355
395735666237005824
393983754202386432
391009138253115392
390929232391839744
390135108088651776
389771722750443520
387902595370475520
387519223146512384
386255587706540032
384776815044481024
384733257352638465
383307483411795968
383227162515357696
383088689775411200
383082517139451904
382411557378220032
382292557947883520
381972545378861056
381971721420406785
381958891707568128
381517969953931264
381032106370949120
379865299928875008
378523730974359553
375172962791747584
375013829219844096
374245540323553280
374199349917802496
373936794330750976
373936781340585984
373936442201735169
373936268071022592
373936194574225408
373936101322264576
373935614673960960
373935614669758464
373935482196869120
373935400546340864
373524731573452801
372539763783237632
372400647141740544
372389561797599232
372255341511073792
372154231941521408
372152450309840898
371745106115579904
371722884865339392
371722879312072704
371717602810142720
371621448218976256
370960902457409536
370940203437137921
370925624937816064
370890642052104192
370889395156811776
370871224416477185
370756216923779072
370698325676146689
370684889575608320
370678103489527808
370650990263173120
370640815573315584
370593738852024321
370593636234186752
370593533230858240
370592763818938368
370586004547461120
370573194609963008
370567678739496960
370563936812138496
370558517091901440
370554178864549888
370550733944651776
370541190518542337
370534699724058624
370534382085218304
370525773696106496
370521424026685440
370229162767708160
370225403165564928
370224994405470208
368251995330600960
368185717073387520
368183307013324800
366925306814144514
366257348420960256
366103523089330178
365500711716397057
365172111884554240
365039990394204161
365031491945766912
364814129732665345
364628533483536385
364479108715401216
364461513358061568
364429730004484096
364427539160109056
364426175222779904
364425845596618752
364417482200580096
364415825530204160
364415612467937282
364053715566608384
363678237177561090
362342088538456066
361183508238045186
359802882121412611
359533135396356096
359097797775069184
358663145381838852
358652446492467202
358652365584347137
358651748593831938
358646706423873538
358646577117663232
358389466907410432
358382492207681537
358280724161372160
358002514983010304
357993772426084352
357978527808749568
357936801375199232
357494147785043968
357364922503540736
357287331599884289
357286936391598082
357197747641794560
356942103961538560
356498084961861632
356438629184307200
356432742436712450
356332304467116032
356274371008004096
356272568099012609
356245971295940610
356244318819848194
356239738530832384
356237034668568579
356154281939832833
356060748369244161
356056285604610049
355948414770495489
354074125997838336
353404204737507328
352442855635161088
352217246703169536
352148668389916673
351793762407677953
351464428337758208
350955664597721088
350289122465820672
350265826751938560
349248818937724928
348124513784954882
348012468037091328
347868720435171328
347445923611295745
347067411004018688
345680390134038529
345452280184713216
345444918950518784
345437974000988160
345436563913732096
344608464678563840
344208932958511105
343829740983025664
343424989179023360
343424741044019201
343114680300085251
342027076758544384
340946372184387584
340707214908071937
339588542957248513
339347501154971648
339212066160259072
338829802976985088
338810566267256834
338810348599652352
338747271707496449
338747159044304896
338743316126498816
338740347217788929
338736970400407552
338730525277704192
338729875257049089
338729713319149570
338728890061168640
338728753976979456
338727842579890177
338725873295433728
338725735852306432
338724800887394304
338724588479447040
338724392261525506
338723338149056512
338722569408622594
338047237550649345
337798707762298881
337659750898622465
337361218232791040
337051513652391938
336879909660131328
336875821950181377
336875010931167233
336825318235070464
336648324759293952
336625942388695040
335618363353079809
335598590204469248
334787576143691776
334366413441617921
334366037464215553
334102700172124162
333941493704323073
333449427786289153
333372004285685761
332251510417289217
331949629610528769
331767079189483521
330823713622749185
330094812172779520
329546355775262720
329294582842028033
328633193089622016
327945717480042496
327230623104241664
327222791411736577
327209605333663745
327094869195636736
326288186290630656
325013563745898497
323650537541226497
321213258927321088
321130717885128704
320971495176273920
320933397293850625
320347418048741377
320337187092705280
319303177306509313
319303066484609024
318523069180305409
318053556827602944
318053547151331328
317464490738327552
317458730503532545
317458443155939328
317010468411674624
316999120210501632
316996879776874497
315974628029902848
314993354016448512
314777113058230274
314628104243003392
314627960198033408
313493588900204546
313434268976173056
313093648482979840
312460511302270976
312460491463225345
312460009856450561
312459407235637248
312377458718560256
311362592952156160
310813140654891010
310666966752972800
310310833781620736
309991978114875392
309521272533032960
308822148942798848
308683423243976704
308678840782307328
307895304114540544
307620171865026560
307367168402665473
307211220354732032
306838209856417794
306814113772875776
306657149570912257
306556820011491328
306339564274987008
306128042412085248
306087742578782208
304686407690100736
304558494206550016
304524567597162496
303721415985729537
302945849951006720
299700276150022144
299028817895358465
298811962995920898
298645000475004928
298574420337897472
298570976373911552
298495365970264064
298480938743132160
298451128700502016
298450998043766785
298450066656604160
297439947651182592
296669284590034944
296423762675499008
295880005777506304
295634682626850816
295625071769288704
295379859004325889
294842178495209472
294711734445428736
294620861753851904
294279627092926464
293979602144083968
293566809456652288
293437973234610177
292252064568983554
291028452751060992
290976276779507712
290968442486538240
290849932460572673
290497651617697793
290311315946360832
290212167452610561
290196797819850752
290171496855400448
290169238109425664
290167183412183040
290164812372119552
290163889251962880
289939850759663616
289884320393465856
289484173025083392
288701425289142274
288490207991435264
288019257537728512
287306707204468737
287305987436728320
287300938711052288
286045465332572160
285786302228623360
285639103515607041
285638897902440448
285561084314796032
285487649685377024
284968254080954368
284951996493074433
284950832447881216
284950506139430912
284541884272091136
284455387695046657
284407672038649858
284172699876593665
282757491954171904
282743904539906048
281990501459189760
281956856803516416
281955824929239040
281839901425672192
281836123184037888
281046409854197760
280380194328551424
280380185587617792
280215602168217600
280087172785270784
279880225750396928
278745148475703296
278744462488915968
278744454507151360
278663708857737216
278241394278146048
276841075610619904
276502311684145152
276500492044083200
276428583382167552
276417231271907328
274348993201467393
274319003277746177
274317228005019648
274149625089372160
274024589334560768
273972598646378497
273430664135729152
273008839949946880
272809056434020352
272551840317583362
272272446550323200
271261996245209089
271241792693862401
271224216140009473
271223124756934656
271166178746048512
271058376950165504
271041871848022016
271035506324824064
271022582013255680
271012417734078464
270935383087407105
270902556803350528
270900732750856193
270674617440534528
270616101858189312
270304859289444352
270283750296940544
270053327994224640
269865740407025664
269283151350747137
268911608854634496
268773630459142146
268187349505171456
267218459774046208
266979889410879488
266571294382907392
266047912847478785
266046969137475584
266046896370487298
266046697162031104
265981680353959936
265981257974943744
265907985786748928
265875021124222976
265862515559383041
265855809123127297
265845215456284672
265709087617064961
265336681496977408
265332042491887617
264127010501173250
262273165407965185
261625417503498240
261238551327416321
261051934293774336
259444198493810688
259404688535990273
257297827015847936
256424906898694144
256404636032983040
256384447874744320
256129169652592641
255487531720790017
255483396233515008
255088975830720512
254236966411964417
254125956380364801
254065095938813952
254063080936448000
253959499709288448
253944844483977219
253935551558848512
253875828226674688
253858647749320704
253739191576457216
253678028641689600
253653856171466753
253653794787819522
253653709395996672
253609146170081280
253574789611012096
253563874656260097
253511575397363713
253510672799895552
253510601291214850
253309564953427969
253309517440376832
253307038472474624
253272996184211457
253244573952909314
253238989572694016
253134825685397504
253104792023470080
252977099424546816
252940780077981697
252940620149174273
252933607423889408
252765319238676480
252578665911685120
252548435159445504
252548180502261760
252518912179204096
252466965690601472
252241679015374848
252187243844878337
252184549709205504
252110767799816193
252108867146752000
252078020058304512
252061593209286656
251924605919436800
251871777117061120
251868092626513920
251860313438289920
251831241035350018
251831023120310272
251776673857552384
251522099519303680
251522011808022528
251502463209857024
251502380561084416
251476368544653312
251476220603166720
251475972904345600
251475821787750400
251475745757622272
251475285181100033
251474873896038400
251474708732731392
251474659592241152
251474596946124800
251474590692417537
251474484979200001
251474000574832641
251473453704704002
251430126707957760
251429395288424448
251377601187287041
251321884287852545
251273983184474112
250996238386872321
250978244961107968
250847821488586752
250656000183508993
250600979064569856
250525008722534401
250524390431805440
250355938815516672
250318964838789120
250311191249960960
250289921598840832
249558731384311808
248869154470363136
248471991420600320
248235038733373440
248183128877838336
247833637100351488
247832011732033536
247825924924530688
247779350596947968
247671873859620864
247634475251552256
247585125011972096
247582343190175744
247091154628251648
247089518421889024
247019637206839296
246706756582006784
246706411990548480
246625309410086912
246587951595798528
246400071879507971
246293088358760448
246249429282201600
246219396371066880
246091546213097472
245608829113495552
245369424415191040
245232528452120576
245223303260811264
245046573422243840
245039191585591296
244230689548025857
244193278659031040
244162993930264576
244120225224728576
244088178917658627
243973821781118976
243973181579329536
243620936857841664
243519198880481281
243329384793120768
243323307498287105
243034982824677376
242864735945621505
242740601697734656
242734799201124352
242732476567547904
242394298295939074
242372652684161024
242346145710489600
242344655545565185
242333043707215872
242332783744258048
242315541656776704
242288498248404992
242265396877598721
242115099727388673
242002418395668480
241985115939561472
241981978595966976
241976506673422336
241974987001565184
241923268028801024
241918636627988480
241905790376636420
241890723782348800
241885484731727872
241829764132913152
241824034835275776
241683955244470272
241646170991112192
241622095166058496
241616315176062977
241547974629543937
241546945477345281
241546225399255040
241542134946226176
241541918553681920
241535763836194817
241534492110622720
241505893492068352
241499167191609344
241492336859832320
241484411093258240
241481409515102208
241476129423228928
241454866944364544
241388345056452608
241315089246994432
241275288607154176
241270842779136001
241260494911057921
241257707766702080
241253778467192832
241225439157313536
241222765833777152
241222479006289921
241214673620455424
241214255968436226
241213956704837633
241213187024908289
241213136751960065
241213128610836480
241212562266537985
241212294246322176
241210197815746560
241209795145777152
241206971271876608
241205026482184193
241204518665191424
241202362545471488
241200087164932097
241199665285062657
241175795350007809
240999384127528960
240913864261263361
240096486698909696
238862753358557185
238691148443566080
238666903378345984
238387882975436801
238385301578452992
238384655953448960
238384532120809472
238383372475441154
238382587960233986
238353702648426496
238341728921333760
238302729225764864
238230737546002433
238230292383535104
238093440531968000
238058344370290688
237742444748361728
237727650741891072
237714699695833088
237712151895236608
237708778588483584
237705609846345728
237705240659513344
237704046440480768
237665694941069312
237665174499233792
237664964373016576
237559446526623744
237552766279626752
237547476729618434
237547324170203137
237480486405025793
237208801130983424
236871905125216256
236824728654999553
236824067020308480
236686496512475136
236644783324549121
236581596747145217
236576181045055488
236571296849342464
236556319140765696
236533521966055425
236496346151014400
236492264912867329
236492141503840257
236460331294158848
236445984702476288
236443100342521856
236440902506254336
236158696017772545
235837549397045248
235451268171177984
235061647985745920
234880622353584128
234829191529512962
234829180506865664
234806368027160578
233358503388004352
232220285334614016
231573198431461376
231573106752372737
231571824125833219
231104376914206720
230359748032204801
228859459684950017
228857195931004928
227946550393970688
227531854566273024
227292761467019264
227208649804767232
226388113604370433
226174943845560320
225065837827072001
224979334673350657
223788436165902336
223499137230966786
222815378739437568
222804411632730112
222718923802558464
222411347353272322
222404443646332930
222403427551031297
222389714722893824
222387101893791744
222367140391555072
222364941313773568
222359503683850242
222358364271808512
221278714036621314
220929412412096512
220173902645694464
219994934898458628
219911014408392704
219835313672028160
219780706874822656
219651401788305409
219502485491036161
219271599088603137
219153011480596480
219127455196262400
219105528742289408
219105207336968192
219071280589180928
218796303738609664
218724268450656257
218507055768674305
218505924497780736
218362546325962752
218326448497373184
218242786187681792
218214723383070720
218121671549255680
218087753244622848
217974952136163328
217538061192527872
217451086485782528
217339452538888192
217305677046095873
217165392823582721
217131889696325634
217046759875158016
217040481144668160
216976525516488704
216955031126147072
216880355028901888
216828959818645504
216778088611184640
216776392770207745
216776368262889472
216767726834827265
216766086169886721
216733922418102272
216732442969649154
216727757357457408
216717458759884800
216716764472557568
216714691538456576
216709787499499521
216581785419644928
216546056161345536
216528583215165440
216350377338089472
216311108250771457
216308221370052608
216304907941187584
216293457076027392
216254179935653888
216253570159349760
216247578130518017
216230170690990081
216109273225244672
215905267550920706
215871999958986752
215230900475150337
215168409544044544
215133415270391808
215122042532532227
215109444340695042
214933814974222337
214862109413097474
214850377319854080
214816878126833665
214756585564680192
214711790456680449
214598059726872577
214597012950224898
214590792717713409
214578036597723136
214576387498049536
214569256992522241
214554443700645888
214423659387949056
214393664150052864
214385824610000896
214113436643237888
214031170546049024
213975858250125315
213894600434253824
213839413069889536
213803791626153987
213764440234004480
213763884459368448
213707450283589632
213706329737531393
213649385811222528
213630060891082752
213477012256473088
213476678578618368
213476050456416256
213464649599946752
213444366214242306
213444138811658241
213442299655487489
213440059427405824
213408037648605185
213343540867121153
213339491937685505
213329074444173314
213327122310234112
213323037808918529
213102870613082112
213087772209192960
213058272557674497
213057992017444867
213057643693084672
213057164493864960
213029189668974595
212988389643927552
212971853491351552
212960051546177536
212954901171544064
212779365753303040
212776301902303232
212695009961582592
212693161624080384
212676420873359360
212634146944712704
212626546622611457
212625249081106432
212604765316726784
212598247758376962
212590123093733379
212583062519816192
212580526836551680
212570786828005377
212554198309548032
212553075532103680
212539933703946240
212310745063505921
212298796485455872
212298572249563136
212296983199752192
212251771748356097
212243224587272192
212236366036209664
212202690820845568
212185244378468352
212050806457896960
211986490786459648
211983743366340610
211978326288498691
211944690763829249
211922730147266561
211910959948763136
211909085350723585
211901955059089408
211854347133386752
211842005821689858
211841784060456960
211841198032289794
211841100133052416
211840542554861569
211822982958551041
211641093257838592
211636826555949057
211570312603643905
211559188831289344
211559060615593984
211530203678253057
211525388734701568
211514501005180928
211466507945906179
211379327051374592
211306473001713665
211288615504986113
211228551691763712
211142929392209920
211122031289307137
211120074134794241
211119871923191808
211117523242987522
211117170040643587
211116884882493440
211116774157074432
211116731098333184
211116431197212673
211116424289198080
211116288221773825
211116282555277313
211116221989519360
211116140016041984
211108400854089728
211104645903421442
211089248324034560
210933024626442240
210932055968710657
210913566092562433
210846145226883074
210825918107754497
210822334909652992
210788809720348672
210787317995147264
210781952083623936
210760300910219267
210742907613888512
210732851400933378
210732214151938050
210715827689885696
210715115866177539
210709807513075712
210704557053976576
210699994905329664
210696972858961920
210686735670198273
210570661385605120
210553748907507713
210547234075455488
210532373102731265
210507866438770688
210496965027438592
210481785648320512
210474922147979266
210391966045843457
210337920207433729
210316399669805056
210253121706926080
210248767067271169
210230376017297409
210209838540668928
210202390601797632
210186948856385537
210178693862129664
210177331845808128
210176282560958465
210175040333938688
210164520495218689
210149015646519297
210142076426387460
210136713606086656
210134661412831233
210124146758258689
210110262395670528
210109032734793729
210104673393319936
210104349182005248
210103662620581888
210102778805231618
210098953318961152
210096607553789954
210090893938663424
210089827406856193
210085847515660290
210081945403654145
210080613489844224
210079700540862465
210078922631684096
210077891390738432
210077685072936960
210076375300841472
210071296057413636
210051066031644672
210050081477496832
210047979644661760
210047096521367554
210043002985529345
210041166354321409
210040301186842624
210038425116614656
210030949608603649
210025360446857219
210024333903527939
210019601323532289
210018523123163136
210016685124616193
210015868770463744
210013840472150016
210012544990056449
210009851240251393
210009617105825793
210003592193654785
210002682335866880
210002372892692480
209995695497805826
209988337526779904
209986449855098880
209984418956328960
209982781017698304
209981724266999809
209977993202905090
209977459884564481
209941817192480768
209939776915247104
209939352732704768
209938945839083521
209938678137618432
209922702075629569
209917582378156032
209917488132141056
209904648742649857
209902622835081218
209902384556687361
209900432615686144
209878817760743424
209872227204739072
209871635723984898
209863645121884160
209857335382904832
209857210199707648
209857037084004352
209854911817596929
209851850088923139
209847372388376576
209840422535708674
209839909983358976
209837975591337984
209835779420192769
209831861730545666
209830855315689474
209830345036673026
209828913306808320
209828540944883712
209826512441061376
209819939157196800
209819244760801282
209817566816907265
209813904795242496
209813609264590849
209806782300827648
209803524530372609
209803214470647808
209798077144502272
209796793658130432
209796407694069760
209792888891117568
209787756459737089
209786791757225984
209786334221578240
209784017757802497
209783819291738112
209783781924667394
209783506048532481
209776910216081408
209775398098186241
209772916211064832
209772812121018369
209770486081658881
209768773740265473
209767206425333760
209767027047534594
209766266787999746
209766238468055041
209764377178554368
209763716189786113
209762560554172416
209762252465782786
209761050353086464
209761022196727809
209760547963543552
209759979052335104
209758639970455553
209757247230844928
209756917831188480
209756839968120832
209755279250817025
209754358257172480
209753994522923008
209752800685604864
209752445172191234
209751768236703744
209750362842861568
209750194101821441
209749860507856896
209749757759983616
209749625123520512
209749133685297152
209748145658273792
209747756212944898
209747478612951040
209746774901014528
209745774978924545
209743813726580737
209742419099533313
209741970153807874
209741412835655680
209739300609335298
209735218523934720
209735116858200064
209732604327501824
209732375310118912
209731247856041985
209730910646583296
209730398169739265
209730028735430656
209729617769152513
209726951089389569
209726228410793984
209721660679520256
209713644462800896
209710047654199296
209700123922542592
209691529374203904
209687980644900865
209683368382701568
209681021438930944
209665755174801408
209665660157050880
209663502305075200
209662401996525568
209660729161297920
209656496684937216
209445661731586048
209110115771625474
208683046931664896
208681646847823874
208680779625144321
208665520411656193
208665320221708289
208603460596277248
208589965041467392
208391412780236800
208390815616212992
208390599492124675
208390297485451264
208390141478318082
208389967574073345
208389763818995714
208389617177726976
208389482595090432
208389208560250881
208388890833330177
208388609252933637
208387923672965120
208335193046659073
208260676140015616
208066676678344705
208020951487627264
207994725792362496
207570991453454336
207495615914061827
207425576485662720
207185046321377281
206896421717286912
206783649989931008
206530635043586049
206528037179760641
206521899465969664
206518752358047748
206396675575656448
206396574123831296
206285750424186880
206260299135852544
206161410789605376
206160219678584832
206134024685629440
206133634808299521
206130153384972288
206129353933852672
206125599096451072
206124746318946304
206049852164018176
205869627299991553
205865767047135232
205844268663840769
205787689205772288
205740537737773058
205332988605644800
205312953979899904
205274517835235329
205269065307144193
205177151845179392
205171862815244289
205094777866289152
204991266461712385
204985033067466754
204975635423178753
204946350398386177
204883578415366144
204881888681267201
204330788580368385
204246756274348033
203950762886311936
203890006161498113
203853446942695424
203578985404317697
203268533482815488
202765211034337280
202626315965308929
202603973675458562
202545477131051010
202534057052090369
202514478724681731
202396114417221632
202187077541040128
202172021159886848
202165934021033984
202165071093313537
202164365267443712
202163201746542592
201724003084271618
201722470938583042
201343401717800960
201307077526831107
201070538746101760
201065287070650368
200982072469356544
200824662010241024
200768816563748864
200681638315827202
200608805845872640
200538703674880001
200508645669208065
200384737481723906
200384416122548226
200329546946461696
200329086034386944
200319550221328387
200316005736652801
200310912735911937
200303247116873728
200303079306960898
200300428112576514
200278670504509442
200277253215629314
200277056318222337
200276240005996545
200275894231769088
200268373265874944
200258162811617280
200250996969054211
200250994527977472
200239505876320259
200073883922075648
200012605044170752
199948112272441344
199922290069213185
199911134554374145
199898961815932928
199896452279971840
199815741355204608
199811413290655744
199711477513465856
199689620718489600
199686524718170113
199590625388142592
199560701172391936
199482959026339841
199481755303026688
199468488203575296
199465937777332224
199344150972338176
199283015573192705
199243149040816129
199178892081233920
199169402208399362
199166610064412675
199163039155617792
199162459574120451
199160198483546112
199155443317215232
199132652744347650
199090845775962112
198983504791482368
198976368090951683
198960458361868288
198957825559502849
198944006850363392
198934528784478209
198929635638128640
198893773042888704
198825125603328000
198816699099779072
198816131543347201
198759825490976769
198754366587551744
198752241199493120
198747781022760960
198635626105540608
198625556294664192
198623591519092736
198621127742996480
198619339010736128
198614884064305154
198596114369351680
198592981014556672
198570890248732672
198567811692498944
198566680102846466
198566160206266369
198565071515959296
198564973285359616
198564192607928320
198564149649874944
198513927083143169
198500610641899520
198497228044763137
198490249339478018
198460016087408642
198457208709726208
198456998780616705
198455233670684672
198435820221366273
198426803851894784
198424587657166849
198421311553417216
198381006682734592
198350452537036800
198318874326867970
198239049234923520
198237820240924672
198231874747899904
198226319862005761
198213271877206020
198210742028214274
198206650983792640
198201507643006976
198196915832242176
198185890504376321
198185458226831361
198185014855348224
198184654526873600
198184514814623745
198182497182420994
198182008663457792
198172707706249216
198172521202335745
198169780182724610
198164034128850947
198158545080958976
198157166476136449
198155907551608832
198152643766521856
198132732264587265
198125149088780288
198124072251559936
198119748897222656
198119330649612288
198114599361445888
198112859262160897
198110947515174912
198108828091432960
198090218824400896
198086173246230528
198075108567425026
198069854652211200
198065521273483264
198064561696423936
198063783673999360
198060192989065216
198060184667570178
198058620724854784
198055646506127360
198044661783330816
198044101294309376
198042658629877760
198042172833021952
198041816048730112
198031586460045312
198014426719330304
198011896195059713
197973187139616768
197972303588507648
197944924799381504
197911076392804352
197909928873164800
197907845633687552
197907627810885633
197904666057637889
197904132680585217
197902506746060800
197900756202946560
197900233680760832
197896855978393600
197896009349738496
197895735981785088
197895672970747904
197893921085472769
197893918300446720
197882690995879936
197878327325892608
197877882096332800
197877852459376641
197874313301471234
197868407964696576
197867041502408705
197866045728505860
197856680409698304
197854467033546754
197853935011246080
197853672066134016
197853272323792896
197852636983201792
197851613585608704
197849783111651329
197849029068070912
197846619566256128
197837761556918272
197820072306282496
197816723859177472
197814034601484288
197811560553521153
197805844396654593
197804517360803840
197801422312579072
197796084683255808
197789804430245889
197784356390060033
197784221002121216
197783876989501443
197782860759957504
197782636142411777
197781268090454016
197781102532902916
197780672331526144
197780214078636033
197778791316197377
197776260347334657
197774878173175808
197772956062060547
197768579565891584
197768296525860864
197768128162312192
197768109225029632
197767477957115906
197763404537135104
197762278697869312
197762026704080896
197760380024524800
197758150202499072
197757909168422913
197757881616052224
197757417843466240
197757362898079744
197757047914233857
197756413429293056
197756257128554497
197756130603171843
197755105397846017
197755071289765889
197754091160608769
197754070893723649
197753966715609088
197753297367605249
197753235086385152
197752784349704193
197752220371005440
197752104704671745
197752011993784321
197751867625832449
197751816501465088
197751286664409089
197751217978486784
197751193672499201
197750631849664513
197750476400361472
197749911352115200
197749493234544641
197749166435348480
197748354908823554
197747941992177664
197747712148508673
197747654191620096
197747528953892864
197747481587621889
197747305556885504
197746601891086337
197746500875464704
197746418860044290
197745435077644288
197744441551896576
197744290024275968
197743926596218881
197743881813626881
197743705208270848
197743420855435265
197743373065531392
197743260117114881
197743245244104705
197743232518594560
197742916775575552
197742793727287297
197742751054446592
197742577968099328
197741805800931329
197741774159093761
197741460978810881
197741125312843776
197740832567205889
197740760542617600
197740330743898112
197739955995426816
197739855852224514
197739776772804610
197739207735771137
197739157194424320
197738884711452672
197737844779925505
197734382784614400
197732282965032960
197709983624863744
197705311417675781
197705102293864449
197703759118348288
197698385812275200
197694341366550528
197693141145501697
197691894162145280
197683883817443329
197680861540388864
197663303760232449
197663301298171905
197662291599171584
197660934620192768
197660932158136321
197565337053577218
197524563981115393
197516687644442624
197508781775650818
197505249106333696
197502744205070337
197494761966403585
197494373334781952
197482550749442049
197482108053233664
197456903952011264
197456316405514240
197453554615726080
197447274614358016
197446751270080512
197446290798415872
197445461827796992
197444301423263745
197436953795371011
197434376441708544
197432813413339138
197430200705880064
197418392054022146
197417899353313280
197415773319335936
197406363368951810
197404961896808449
197401118312120321
197400739453206528
197387294162944002
197372842671734786
197360185461837825
197359760478175233
197359544094048256
197356929062932481
197355842125840385
197351990366449665
197347406415802368
197346307835297794
197345014102233088
197319830918004737
197318368775254017
197315466170077184
197313385812078592
197311956607184896
197311462585274368
197311034107756544
197310238548963328
197309565526740992
197297886785056771
197267746919165952
197265031145078784
197264584103575552
197239637025095680
197201888238772224
197178477479342080
197165186820485120
197162204464807937
197161597007966209
197161016595984384
197160898677317632
197160451954573313
197160369628774400
197160223797035008
197157992641212416
197157817424158722
197157199510908930
197156649436327938
197155444580552704
197153907523321857
197152644396105728
197152643712434176
197150519125487616
197147539634524162
197133160797061120
197126358625828864
197107690403676161
197107362077741056
197107213448392704
197095526028677120
197093597831634944
197077426331856896
197075859721555971
197075171478216704
197074825343283200
197067064626786304
197062454772121600
197059623587561472
197057190748626944
197054530016395265
197048954234478593
197046001989726208
197041568862052352
197041508346642433
197037914411110403
197037509765636096
197035663965700096
197034637594333185
197033445283741696
197032009284071424
197028349925797888
197024395175272448
197024150907396096
197022029420044288
197021828890365952
197021494826631168
197019828593229825
197017245430460417
197016591882399744
197016230358560768
197015909045510144
197015821036437505
197014575558836226
197009393072611329
197007606055841793
197006443415740416
197006266411925505
197004839518089217
197004087865245696
196998319430574080
196997302970363904
196991702005850112
196988629158084608
196979500611928064
196972076706443265
196972075133571073
196966528128794624
196959505949540352
196921838629175296
196921413817466880
196862321124052993
196813728438693889
196797909583413248
196793770782625792
196789230767325185
196786904237223937
196723817844973568
196722691376553984
196719963728379905
196718714714980352
196688921080512512
196674249619030017
196654109103882240
196650858300178432
196631161303347201
196629982037032961
196622002029740032
196593763349573632
196473935532011520
196426988360171521
196425501701718018
196394188512825344
196394187036442625
196371260341624832
196371258710040577
196347947229773824
196343291145494529
196287087782264832
196260122404724736
196248758827229184
196239461728780288
196214562280841216
196213819096317952
196092455395934208
196058799260450816
196052412887339008
196046847066914819
196042674455851010
196028493606297601
196027562156244992
196016536081793024
196016532659249154
196012507641544705
196012505154334720
196003739600039936
195996261172772864
195995555464351744
195995553035862016
195993291970453506
195975663822454784
195965367686934528
195964971673333761
195963308942172161
195939083552436224
195931509641842688
195921723512729600
195921721155534848
195919064491769859
195906160522563584
195906159062941696
195905355153293312
195905235133272065
195905233736581120
195898753322975234
195893671701385216
195881334047129600
195879013808484353
195877595307442176
195861167397285888
195757261530992640
195735955561385985
195719667317346305
195635092536819712
195633943574355971
195624185354141699
195622044417798144
195590122782199808
195580341858222081
195577647483465728
195576905452355584
195572453609709569
195569151450951680
195558013602496514
195548021000388609
195546523155705856
195544824458387457
195535985407307776
195520729062703104
195519213614542848
195505224130117632
195503608308043778
195498731884388353
195489829260238848
195325549374210048
195217742918459392
195177346721005569
195176617889374208
195119477589942272
195108707456135168
195002650587172864
194976370990907392
194969509336072193
194969113016270848
194965014279491585
194843231354232832
194843156532035585
194839996069453824
194839801164341248
194832895662239744
194810536884580352
194783599776628736
194774237150588928
194772682305314817
194649842444804100
194606911046434818
194596650927394818
194555197597552644
194527708062027776
194515358101676033
194510673655504896
194470721588707328
194470185808297984
194469185152237568
194463208986263552
194459243334746112
194437524704346114
194093631223762944
194091994065276928
194090925058826240
194088159557070848
194087377608777728
194086051453730816
194073414049333248
194072881674727425
194072750980202496
194072515272900608
194071841508306944
194067800933924864
194064125209485312
194062594598895616
194061582731460610
194056894439100416
193922060932759553
193905082121715713
193832247982432257
193751274485850112
193739388474236928
193430602102476801
193422983933595648
193422792111300608
193415041087832065
193410830023401472
193407908321562624
193394492953477120
193092800273850370
192805705496014848
192805514269310976
192802113137541121
192752389277749250
192743911406567424
192724574171959296
192624684775383041
192624165709295617
192606615722143745
192568849990823936
192516653404266497
192420576806191106
192418465552936960
192417335448051712
192334360924524548
192324118505472000
192322128555687937
192309964616892417
192272751904563201
192216136258035712
192214450219126784
191993787243966464
191989682433818624
191965553697632256
191626480579641344
191616857172742144
191615954311057409
191214465943998464
191214234225475584
191205490498351104
190512900882968576
190496210883321856
190465365782970369
190462358026588160
190462164883079169
190458425086451712
190455294436978691
190455122852192256
190151708184281088
190143755427385344
190082337877401600
190079506579599360
190059808081195008
189922915570036736
189921344719294464
189738271402758144
189728257892028418
189711276887388160
189530882695110659
189521076454297600
189517538814722048
189461737127428096
189453128695955456
187785196802809856
187310497417269250
187258144148307969
186143256294334464
186117311214784513
185837813894356992
185216091683962880
185188999072202752
184708496611229697
184525999462035456
182492035155111936
182451381645484032
182446363416608769
182445319915716609
182291233983574018
182135940658106368
177939297893228544
176479305860259840
174152362741600256
173642878092967936
173126060819480576
172853943544721411
172443256473403392
170607533185175552
168912205641814018
167666818033520640
166972043798130689
166711269238378496
166639851960152065
166622574648893440
166621216969465856
166620956121505792
166595234090844160
166592183359639552
166534815359836160
166508546186424320
164466626249498627
164118876420980738
163041381726687232
161996000406413313
157909546914942976
157579222032977920
157224618241957889
155844611791790080
150422157317517312
143890095525732352
141184004018810880
139484071230316545
127590590102765569
126412519307886592
125801384451907584
122738750060105730
121067825237471232
120358521664585729
120316691732365313
118873295192985600
118452403707191296
117823787797458945
113984908367630336
96685530145767424
93798044318973952
93088081242107905
87672636942979072
86616801223520256
83239555481862144
80662876326600704
80495156360515584
79637695864913920
79082549246296064
77430096583065601
76692406594043904
75261676521398272
73174518427947010
72943901664755712
72380271151943680
71654582207524864
71652789566189568
71607893979435009
68538507567702016
68536327125204992
68097107235573760
68091087109099521
67837905644699648
65591919392194560
65591578332381184
58914701404405760
58322507974983680
52434926196371456
52431350187311104
50653753472323584
47644127281676288
47643626586652672
47642782256467968
44940781320028160
43839651882074112
43837722485465089
43836702153904128
39512027563171840
39511008548491264
37743751791259648
37742714199998464
18689498091094017
17669710602567680
10538667923742720
10464630400876545
1347250856919041
1345959053238272
29501701450
27951682184
21759988766
21722786998
21722587840
21553040260
18014714329
18014589386
13053080543
13018595084
13018526910
12865742038
12779453026
11439557130
10463827190
9914485550
9316689884
9316392236
9316287621
9316243498
9316221825
9316076449
9316007168
9315967507
9315886102
9315778396
